positives/1024x1024\image1.jpg 1 140 208 166 217
positives/1024x1024\image10.jpg 1 214 162 224 242
positives/1024x1024\image11.jpg 1 183 99 134 165
positives/1024x1024\image12.jpg 1 144 215 246 282
positives/1024x1024\image13.jpg 1 151 59 193 257
positives/1024x1024\image14.jpg 1 148 180 225 289
positives/1024x1024\image15.jpg 1 277 261 49 59
positives/1024x1024\image16.jpg 1 133 83 164 227
positives/1024x1024\image17.jpg 1 211 162 150 264
positives/1024x1024\image18.jpg 1 137 185 148 190
positives/1024x1024\image19.jpg 1 302 76 207 262
positives/1024x1024\image2.jpg 1 169 34 200 250
positives/1024x1024\image20.jpg 1 10 141 226 270
positives/1024x1024\image21.jpg 1 165 193 222 269
positives/1024x1024\image22.jpg 1 218 176 133 204
positives/1024x1024\image23.jpg 1 216 128 233 255
positives/1024x1024\image24.jpg 1 227 167 155 164
positives/1024x1024\image25.jpg 1 109 167 125 179
positives/1024x1024\image26.jpg 1 67 145 213 263
positives/1024x1024\image27.jpg 1 64 152 219 257
positives/1024x1024\image28.jpg 1 209 169 101 115
positives/1024x1024\image29.jpg 1 216 73 257 302
positives/1024x1024\image3.jpg 1 240 176 90 130
positives/1024x1024\image30.jpg 1 86 134 182 223
positives/1024x1024\image31.jpg 1 161 154 78 116
positives/1024x1024\image32.jpg 1 93 208 321 298
positives/1024x1024\image33.jpg 1 143 104 141 151
positives/1024x1024\image34.jpg 1 186 190 150 170
positives/1024x1024\image35.jpg 1 179 115 180 206
positives/1024x1024\image36.jpg 1 92 267 150 186
positives/1024x1024\image37.jpg 1 256 172 104 150
positives/1024x1024\image38.jpg 1 261 246 209 225
positives/1024x1024\image39.jpg 1 231 224 132 157
positives/1024x1024\image4.jpg 1 246 283 101 148
positives/1024x1024\image40.jpg 1 214 133 237 253
positives/1024x1024\image41.jpg 1 140 80 266 336
positives/1024x1024\image42.jpg 1 152 98 240 271
positives/1024x1024\image43.jpg 1 147 307 134 175
positives/1024x1024\image44.jpg 1 251 164 169 176
positives/1024x1024\image45.jpg 1 170 276 64 67
positives/1024x1024\image46.jpg 1 230 176 149 160
positives/1024x1024\image47.jpg 1 285 268 156 220
positives/1024x1024\image48.jpg 1 51 137 177 187
positives/1024x1024\image49.jpg 1 192 211 149 165
positives/1024x1024\image5.jpg 1 207 135 100 114
positives/1024x1024\image50.jpg 1 193 171 124 168
positives/1024x1024\image6.jpg 1 231 220 111 145
positives/1024x1024\image7.jpg 1 233 222 110 149
positives/1024x1024\image8.jpg 1 200 118 152 207
positives/1024x1024\image9.jpg 1 168 242 161 202
