positives/1024x1024\image1.jpg 1 281 416 332 435
positives/1024x1024\image10.jpg 1 428 325 448 484
positives/1024x1024\image11.jpg 1 366 198 269 330
positives/1024x1024\image12.jpg 1 289 430 493 564
positives/1024x1024\image13.jpg 1 303 119 387 515
positives/1024x1024\image14.jpg 1 297 361 451 578
positives/1024x1024\image15.jpg 1 555 523 98 118
positives/1024x1024\image16.jpg 1 267 166 329 455
positives/1024x1024\image17.jpg 1 422 325 301 529
positives/1024x1024\image18.jpg 1 274 371 297 380
positives/1024x1024\image19.jpg 1 604 152 414 525
positives/1024x1024\image2.jpg 1 339 68 401 501
positives/1024x1024\image20.jpg 1 21 282 453 540
positives/1024x1024\image21.jpg 1 331 387 444 538
positives/1024x1024\image22.jpg 1 437 352 267 408
positives/1024x1024\image23.jpg 1 433 257 466 510
positives/1024x1024\image24.jpg 1 455 335 311 329
positives/1024x1024\image25.jpg 1 219 334 250 358
positives/1024x1024\image26.jpg 1 134 290 427 527
positives/1024x1024\image27.jpg 1 129 305 439 515
positives/1024x1024\image28.jpg 1 418 338 203 231
positives/1024x1024\image29.jpg 1 432 147 515 604
positives/1024x1024\image3.jpg 1 481 352 180 260
positives/1024x1024\image30.jpg 1 172 268 365 446
positives/1024x1024\image31.jpg 1 322 308 156 233
positives/1024x1024\image32.jpg 1 186 416 642 597
positives/1024x1024\image33.jpg 1 286 209 282 303
positives/1024x1024\image34.jpg 1 373 381 301 341
positives/1024x1024\image35.jpg 1 358 231 360 413
positives/1024x1024\image36.jpg 1 185 534 300 373
positives/1024x1024\image37.jpg 1 513 345 208 300
positives/1024x1024\image38.jpg 1 523 492 419 451
positives/1024x1024\image39.jpg 1 462 449 264 314
positives/1024x1024\image4.jpg 1 493 567 203 296
positives/1024x1024\image40.jpg 1 429 266 474 507
positives/1024x1024\image41.jpg 1 280 161 533 672
positives/1024x1024\image42.jpg 1 304 196 481 543
positives/1024x1024\image43.jpg 1 294 614 268 351
positives/1024x1024\image44.jpg 1 503 328 339 353
positives/1024x1024\image45.jpg 1 341 553 129 134
positives/1024x1024\image46.jpg 1 460 352 298 321
positives/1024x1024\image47.jpg 1 570 536 313 441
positives/1024x1024\image48.jpg 1 103 275 354 374
positives/1024x1024\image49.jpg 1 385 423 299 331
positives/1024x1024\image5.jpg 1 415 270 201 228
positives/1024x1024\image50.jpg 1 386 342 249 336
positives/1024x1024\image6.jpg 1 463 441 223 290
positives/1024x1024\image7.jpg 1 466 445 220 298
positives/1024x1024\image8.jpg 1 401 236 305 414
positives/1024x1024\image9.jpg 1 336 485 322 404
